# 2020-09-30
74463 74.9268
75196 80
75201 81
75206 78
75211 79
75212 79
75221 76
75239 78
75244 77
75247 76
75254 73
75259 73
75329 75
75349 73.1429
75373 73
75529 69
75530 68
75531 67
75532 67
75533 68
75534 70
75535 69
75536 69
75537 69
75538 69
75539 70
75540 71
75541 71
75542 67
75543 67
75544 68
75545 71
75546 73
75547 72
75548 72
75549 70
75550 67
75551 67
75552 67
75553 69
75554 70
75555 70
75556 70
75615 74
75807 72
76194 72
76357 72
76587 73
76665 72
76848 73
77235 72
77523 73
77892 80
78263 84
78383 80
78716 84
79050 102
79233 79
79363 83
79725 80
79867 79
80185 79
80512 80
80782 79
80900 75
81095 78
81535 79
81652 80
81944 79
82387 79
82763 79
82974 77
83053 79
83360 84
83655 80
83835 80
84268 84
84524 84
84690 84
84872 81
84939 79
85349 80
85636 80
85975 84
86218 85
# 2020-10-01
10015 63
10266 64
10293 64
10552 64
1084 84
10979 63
11420 66
11527 66
11712 65
11767 64
12224 63
12360 63
12857 85
13062 89
13445 66
13576 67
1382 84
13923 64
14144 64
14528 63
14937 63
15239 63
15378 63
1567 80
15897 64
16124 64
16348 64
16435 64
16672 63
16898 64
17137 64
17422 65.3617
17643 64
17736 64
18038 66
18149 67
18524 67
18811 67
18986 69
1934 84
19468 64
19542 64
19849 63
19950 65
20150 64
20439 66
21001 64
21282 66
21346 66
2160 79
21747 67
21751 68
21993 67
22237 67
2261 76
22716 65
22925 66
23225 67
23462 67
23552 74
23814 74
24298 67
24606 64
24621 68.8789
24844 66
24937 68
25248 69
2525 80
25353 69
25537 67
26033 66
26225 67
26439 67
26739 67
27154 63
27322 64
27407 64
2783 79
27904 63
27975 64
28235 64
28535 63
28843 64
28955 65
29154 63
294 85
29620 64
29936 63
30272 63
30352 63
3050 80
30659 67
30756 66
30939 65
31346 67
31588 67
31821 67.6652
32032 63
32257 64
32460 63
32557 63
32756 66
33034 72
3318 73.4928
33363 66
33652 67
33958 70
34358 63
34529 67
34594 71
35010 71
35225 66
35712 66
35776 67
3614 72
36159 68
36240 66
36485 66
36743 66
36968 66
37236 64
3746 72
37577 65
37853 64
38163 59
38445 61
38857 60
38939 59
39079 63.4711
39247 66
39337 64
39867 63
40225 63
40376 66
40658 68
4072 79
40732 63
40877 64
41274 64
41648 70
4169 69
41823 66
42035 65
42437 73
42501 72
42708 73
42939 73
4302 71
43436 100
43547 110
44092 87
44170 86
44589 85
44701 90
44795 81
44796 80
44797 80
44798 80
44799 80
44800 80
44801 80
44802 82
44803 83
44804 82
44805 81
44806 80
44807 80
44808 82
44809 82
44810 79
44811 79
44812 79
44813 81
44814 83
44815 83
44816 83
44817 83
44818 82
44819 78
44820 78
44821 79
44822 82
44898 85
45049 83
45100 84
4537 75
45582 84
45810 84
46038 84
46225 81.2698
46461 79
46554 79
47094 84
47174 80
47462 81
48016 84
48288 80
48405 80
48650 82
48734 79
49153 79
49506 81
49677 79
49887 80
499 85
50359 80
50459 79
50901 80
5092 73
51082 80
51370 83
5162 72
51662 80
51954 79
52390 80
52535 79
53067 80
53381 80
53470 83
5480 76
57588 68
57589 68
57590 70
57591 74
57592 74
57593 71
57594 70
57595 67
57596 65
57597 63
57598 63
57599 63
57600 63
57601 66
57602 69
57603 69
57604 68
57605 65
57606 65
57607 66
57608 66
57609 65
57610 65
57611 66
57612 67
57613 67
57614 66
57645 66
57717 64.8101
57808 65
58072 67
58428 64
58785 63
5880 72
59036 64
59263 64
59464 63
5970 72
60022 63
60085 63
60490 64
60658 62.6939
60923 60
61223 64
61289 60
61573 63
61576 62
61583 66
61588 66
61589 66
61597 74
61603 81
61606 81
61610 78
61795 63
61895 63
6229 71
62492 81
62937 94
63218 81
6338 72
63561 80
63787 79
64048 71
64322 71
64717 73
64835 73
65165 84
65447 80
65743 72
66085 78
66483 73
66713 75
6703 67
67120 78
67259 75
67536 78
67865 73
67867 75.2941
68239 76
68430 77
68570 79
68912 79
69035 77
69336 75
69793 73
6982 71
70107 74
702 84
70268 79
70690 74
71034 75
71203 79
71578 79
71811 74
72324 73
72395 74
72719 72
72836 74
72977 74
7298 72
73396 75
73572 79
73886 75
74113 72.6637
74202 73
74533 72
74823 72
75083 71.1111
75307 71
75456 72
75733 72
76107 74
76236 71
76586 70
77037 71
7705 68
77125 73
77130 73
77135 73
77136 73
77145 68
77150 69
77155 70
77214 94
77219 94
77224 96
77229 94
77230 94
77238 96
77240 96
77245 94
77250 81
77259 72
77280 67
77318 75
77323 74
77328 74
77329 74
77338 70
77340 70
77347 73
77353 75
77358 73
77377 80
77382 75
77387 72
77392 73
77395 73
77401 71
77403 72
77412 74
77417 73
77444 77
77449 79
77453 81
77458 83
77461 81
77469 75
77472 75
77476 76
77484 79
77485 78
77716 72
77792 72
78043 73
78273 77
78443 66
78650 72
79056 81
79816 75
80127 66
80231 64
80481 67
8083 64
81020 65
81171 64
81415 64
8163 65
81723 64
81872 64
81994 68
82225 65.9227
82435 65
82791 67
82872 68
83141 67
83449 70
83952 71
83978 75
83983 73
83988 73
83993 74
83996 74
84047 68
84545 74
8486 67
84934 69
85142 71
85521 72
85584 69
85831 72
86029 70
86305 72
8852 67
9035 66
9368 64
9571 67
9838 64
# 2020-10-02
10087 64
10272 61.1952
10360 59
105 72
10512 60
10701 63
11017 60
11160 60
1145 72
11629 60
11878 61
12223 62
12495 60
12790 63
13181 59
13454 60
13562 63
1391 70
14109 64
14391 63
14455 63
14860 62
15068 64
15370 61
15576 60
15823 60
16108 63
16246 63
16572 64
1672 66
17100 64
17171 64
17283 63
17423 64
17599 64
17773 64
18039 65
1838 66
18392 64
18773 60
2148 67
2444 69
2804 69
3039 71
3047 66.0648
3070 64
340 71
3580 65
3672 63
4115 66
4262 63
4659 63
4834 67
4871 66
5366 64
5576 71
5608 73
5635 76
5636 76
5637 75
5638 75
5639 75
5640 75
5641 73
5642 71
5643 71
5644 71
5645 72
5646 72
5647 70
5648 70
5649 70
5650 70
5651 70
5652 70
5653 68
5654 67
5655 67
5656 68
5657 70
5658 70
5659 69
5660 69
5661 70
5778 75
6108 87
6400 85
6927 64
7039 66
7422 63
7598 58
7843 60
8148 60
8456 62
8748 63
893 78
9043 62
9562 61
9828 63
